

Al usuariojavier le ha tocado la tarea: [876, 543, 432, 345, 876, 543, 123, 654, 234, 543, 765, 876, 234, 987, 654, 432, 987, 765, 345, 654]

Al usuariojavier. le ha tocado la tarea: [9876, 5432, 8765, 7654, 3210, 5432, 987, 432, 765, 876, 543, 345, 987, 543, 234, 987, 432, 987, 876, 765]

Al usuariojavier le ha tocado la tarea: [543, 876, 123, 432, 765, 654, 876, 345, 987, 654, 987, 123, 765, 987, 543, 234, 876, 654, 432, 987]

Al usuariojavierm le ha tocado la tarea: [432, 876, 543, 987, 123, 765, 987, 543, 987, 765, 432, 876, 345, 987, 543, 765, 987, 432, 654, 987]

Al usuariojavieh le ha tocado la tarea: [123, 456, 789, 987, 654, 321, 987, 654, 123, 321, 765, 432, 987, 654, 321, 765, 987, 123, 432, 654]

Al usuariojavierz le ha tocado la tarea: [987, 654, 321, 765, 432, 987, 765, 543, 321, 654, 987, 432, 876, 765, 543, 987, 654, 432, 765, 321]

Al usuariojavierls le ha tocado la tarea: [987, 876, 432, 543, 765, 432, 654, 321, 987, 654, 987, 765, 432, 654, 987, 543, 765, 987, 321, 432]

Al usuario le ha tocado la tarea: [321, 765, 987, 432, 543, 987, 654, 765, 432, 987, 876, 543, 432, 765, 987, 543, 321, 765, 654, 987]

Al usuario le ha tocado la tarea: [543, 987, 432, 765, 321, 876, 987, 543, 765, 654, 321, 432, 987, 765, 543, 987, 432, 321, 876, 654]

Al usuariojacier le ha tocado la tarea: [432, 876, 543, 987, 765, 432, 654, 321, 987, 765, 543, 432, 876, 987, 543, 765, 432, 654, 987, 123]

Al usuario Juan le ha tocado la tarea: [654,987,321,432,765,987,876,543,432,987,765,321,654,876,987,543,432,765,987,123]

Al usuario JOse fernandez abdelrahim le ha tocado la tarea: [987,543,765,432,321,654,987,765,432,987,543,321,765,432,987,876,543,432,321,654]

